
parameters <- c(a = 1,
      	   b = 1,
           c = 0.1,
	   p = 0.75,
	   beta = 0.2)



