Rtotal <- 10
Atotal <- 100
parameters <- c(AT = Atotal,
                RT = Rtotal,
                am = 0.0001,
                aa = 0.00011,
                awv = 0.05,
                aw = 0.001,
                ai = 0.001,
                
                krm = 0.001,
                krw = 0.001,
                kxn = 0.001,
                kwm = 0,05,
                
                betavv = 0.01,
                betaav = 0.008,
                betaiv = 0.008,

                betava = 0.001,
                betaaa = 0.005,
                betaia = 0.001,
                betavi = 0.005,
                betaai = 0.001,
                betaii = 0.005,
                
                mad = 0.05,
                ra  = 0.5,
                rv = 0.5,
		ri = 0.5,
		# Prey growth rate
                rx  = 2.0,
                Kp = 100,
                kxn  = 0.005,
                mjuv = 0.06,
                Kc =500)

